00000000000000000000000000000000
00000000000000000000000000000000
00000000000000000000000000000000
00000000000000000000000000000000
00000000000000000000000000000000
00000000000000000000000000000000
00000000000000000000000000000000
00000000000000000000000000000000
00000000000000000000000000000000
00000001111111000000000000000000
00000011111111100000000000000000
00000111111111100000000000000000
00000111111111110000000000000000
00001111100111110000000000000000
00001111100111110000000000000000
00001111100111110000000111110000
00001111100111110111111111110000
00001111100111111111111111110000
00001111101111111111111111110000
00001111111111111111111111110000
00000111111111111111111111110000
00000111111111111111111100000000
00000001111111111000000000000000
00000000011111000000000000000000
00000000000000000000000000000000
00000000000000000000000000000000
00000000000000000000000000000000
00000000000000000000000000000000
00000000000000000000000000000000
00000000000000000000000000000000
00000000000000000000000000000000
00000000000000000000000000000000
